# points taken from https://www.math.unipd.it/~alvise/sets.html
# set_leb_opt_n1n3n6_gll.m

function getRefTriangleNodes_Barycentric(T, order::Integer)
if order == 0
		return T.([
		0.333333333333333333333333333333e+00 0.333333333333333333333333333333e+00 0.333333333333333333333333333333e+00
		])

elseif order == 1
		return T.([
	1.000000000000000000000000000000e+00 0.000000000000000000000000000000e+00 0.000000000000000000000000000000e+00
	0.000000000000000000000000000000e+00 1.000000000000000000000000000000e+00 0.000000000000000000000000000000e+00
	0.000000000000000000000000000000e+00 0.000000000000000000000000000000e+00 1.000000000000000000000000000000e+00
	])

elseif order == 2
	return T.([
	1.000000000000000000000000000000e+00 0.000000000000000000000000000000e+00 0.000000000000000000000000000000e+00
	0.000000000000000000000000000000e+00 1.000000000000000000000000000000e+00 0.000000000000000000000000000000e+00
	0.000000000000000000000000000000e+00 0.000000000000000000000000000000e+00 1.000000000000000000000000000000e+00
	5.000000000000000000000000000000e-01 5.000000000000000000000000000000e-01 0.000000000000000000000000000000e+00
	5.000000000000000000000000000000e-01 0.000000000000000000000000000000e+00 5.000000000000000000000000000000e-01
	0.000000000000000000000000000000e+00 5.000000000000000000000000000000e-01 5.000000000000000000000000000000e-01
	])

elseif order == 3
	return T.([
	3.333333333333333148296162562474e-01 3.333333333333333148296162562474e-01 3.333333333333333148296162562474e-01
	1.000000000000000000000000000000e+00 0.000000000000000000000000000000e+00 0.000000000000000000000000000000e+00
	0.000000000000000000000000000000e+00 1.000000000000000000000000000000e+00 0.000000000000000000000000000000e+00
	0.000000000000000000000000000000e+00 0.000000000000000000000000000000e+00 1.000000000000000000000000000000e+00
	2.763932022500210639037732107681e-01 7.236067977499789360962267892319e-01 0.000000000000000000000000000000e+00
	7.236067977499789360962267892319e-01 2.763932022500210639037732107681e-01 0.000000000000000000000000000000e+00
	2.763932022500210639037732107681e-01 0.000000000000000000000000000000e+00 7.236067977499789360962267892319e-01
	7.236067977499789360962267892319e-01 0.000000000000000000000000000000e+00 2.763932022500210639037732107681e-01
	0.000000000000000000000000000000e+00 2.763932022500210639037732107681e-01 7.236067977499789360962267892319e-01
	0.000000000000000000000000000000e+00 7.236067977499789360962267892319e-01 2.763932022500210639037732107681e-01
	])

elseif order == 4
	return T.([
	2.371066302371978573582111948781e-01 2.371066302371978573582111948781e-01 5.257867395256041742612751477282e-01
	2.371066302371978573582111948781e-01 5.257867395256041742612751477282e-01 2.371066302371978573582111948781e-01
	5.257867395256041742612751477282e-01 2.371066302371978573582111948781e-01 2.371066302371978573582111948781e-01
	1.000000000000000000000000000000e+00 0.000000000000000000000000000000e+00 0.000000000000000000000000000000e+00
	0.000000000000000000000000000000e+00 1.000000000000000000000000000000e+00 0.000000000000000000000000000000e+00
	0.000000000000000000000000000000e+00 0.000000000000000000000000000000e+00 1.000000000000000000000000000000e+00
	1.726731646460114566465904317738e-01 8.273268353539885433534095682262e-01 0.000000000000000000000000000000e+00
	5.000000000000000000000000000000e-01 5.000000000000000000000000000000e-01 0.000000000000000000000000000000e+00
	8.273268353539885433534095682262e-01 1.726731646460114566465904317738e-01 0.000000000000000000000000000000e+00
	1.726731646460114566465904317738e-01 0.000000000000000000000000000000e+00 8.273268353539885433534095682262e-01
	5.000000000000000000000000000000e-01 0.000000000000000000000000000000e+00 5.000000000000000000000000000000e-01
	8.273268353539885433534095682262e-01 0.000000000000000000000000000000e+00 1.726731646460114566465904317738e-01
	0.000000000000000000000000000000e+00 1.726731646460114566465904317738e-01 8.273268353539885433534095682262e-01
	0.000000000000000000000000000000e+00 5.000000000000000000000000000000e-01 5.000000000000000000000000000000e-01
	0.000000000000000000000000000000e+00 8.273268353539885433534095682262e-01 1.726731646460114566465904317738e-01
	])

elseif order == 5
	return T.([
	4.123406940197869019470999774057e-01 4.123406940197869019470999774057e-01 1.753186119604261961058000451885e-01
	1.737985196489401640285166195099e-01 1.737985196489401640285166195099e-01 6.524029607021195609206642984645e-01
	4.123406940197869019470999774057e-01 1.753186119604261961058000451885e-01 4.123406940197869019470999774057e-01
	1.737985196489401640285166195099e-01 6.524029607021195609206642984645e-01 1.737985196489401640285166195099e-01
	1.753186119604261961058000451885e-01 4.123406940197869019470999774057e-01 4.123406940197869019470999774057e-01
	6.524029607021195609206642984645e-01 1.737985196489401640285166195099e-01 1.737985196489401640285166195099e-01
	1.000000000000000000000000000000e+00 0.000000000000000000000000000000e+00 0.000000000000000000000000000000e+00
	0.000000000000000000000000000000e+00 1.000000000000000000000000000000e+00 0.000000000000000000000000000000e+00
	0.000000000000000000000000000000e+00 0.000000000000000000000000000000e+00 1.000000000000000000000000000000e+00
	1.174723380352677426508023472707e-01 8.825276619647322018380464214715e-01 0.000000000000000000000000000000e+00
	3.573842417596774789778635295079e-01 6.426157582403224655109852392343e-01 0.000000000000000000000000000000e+00
	6.426157582403225765332877017499e-01 3.573842417596774234667122982501e-01 0.000000000000000000000000000000e+00
	8.825276619647324238826513465028e-01 1.174723380352675761173486534972e-01 0.000000000000000000000000000000e+00
	1.174723380352677426508023472707e-01 0.000000000000000000000000000000e+00 8.825276619647322018380464214715e-01
	3.573842417596774789778635295079e-01 0.000000000000000000000000000000e+00 6.426157582403224655109852392343e-01
	6.426157582403225765332877017499e-01 0.000000000000000000000000000000e+00 3.573842417596774234667122982501e-01
	8.825276619647324238826513465028e-01 0.000000000000000000000000000000e+00 1.174723380352675761173486534972e-01
	0.000000000000000000000000000000e+00 1.174723380352677426508023472707e-01 8.825276619647322018380464214715e-01
	0.000000000000000000000000000000e+00 3.573842417596774789778635295079e-01 6.426157582403224655109852392343e-01
	0.000000000000000000000000000000e+00 6.426157582403225765332877017499e-01 3.573842417596774234667122982501e-01
	0.000000000000000000000000000000e+00 8.825276619647324238826513465028e-01 1.174723380352675761173486534972e-01
	])

elseif order == 6
	return T.([
	3.333333333333333148296162562474e-01 3.333333333333333148296162562474e-01 3.333333333333333148296162562474e-01
	1.236700206266602153348799220112e-01 1.236700206266602153348799220112e-01 7.526599587466795693302401559777e-01
	1.236700206266602153348799220112e-01 7.526599587466795693302401559777e-01 1.236700206266602153348799220112e-01
	7.526599587466795693302401559777e-01 1.236700206266602153348799220112e-01 1.236700206266602153348799220112e-01
	3.254637175704040430446184473112e-01 5.425665225375484457259744885960e-01 1.319697598920475112294070640928e-01
	3.254637175704040430446184473112e-01 1.319697598920475112294070640928e-01 5.425665225375484457259744885960e-01
	5.425665225375484457259744885960e-01 3.254637175704040430446184473112e-01 1.319697598920475112294070640928e-01
	5.425665225375484457259744885960e-01 1.319697598920475112294070640928e-01 3.254637175704040430446184473112e-01
	1.319697598920475112294070640928e-01 3.254637175704040430446184473112e-01 5.425665225375484457259744885960e-01
	1.319697598920475112294070640928e-01 5.425665225375484457259744885960e-01 3.254637175704040430446184473112e-01
	1.000000000000000000000000000000e+00 0.000000000000000000000000000000e+00 0.000000000000000000000000000000e+00
	0.000000000000000000000000000000e+00 1.000000000000000000000000000000e+00 0.000000000000000000000000000000e+00
	0.000000000000000000000000000000e+00 0.000000000000000000000000000000e+00 1.000000000000000000000000000000e+00
	8.488805186071646247114586003590e-02 9.151119481392835375288541399641e-01 0.000000000000000000000000000000e+00
	2.655756032646428010934869234916e-01 7.344243967353571989065130765084e-01 0.000000000000000000000000000000e+00
	5.000000000000001110223024625157e-01 4.999999999999998889776975374843e-01 0.000000000000000000000000000000e+00
	7.344243967353571989065130765084e-01 2.655756032646428010934869234916e-01 0.000000000000000000000000000000e+00
	9.151119481392833154842492149328e-01 8.488805186071668451575078506721e-02 0.000000000000000000000000000000e+00
	8.488805186071646247114586003590e-02 0.000000000000000000000000000000e+00 9.151119481392835375288541399641e-01
	2.655756032646428010934869234916e-01 0.000000000000000000000000000000e+00 7.344243967353571989065130765084e-01
	5.000000000000001110223024625157e-01 0.000000000000000000000000000000e+00 4.999999999999998889776975374843e-01
	7.344243967353571989065130765084e-01 0.000000000000000000000000000000e+00 2.655756032646428010934869234916e-01
	9.151119481392833154842492149328e-01 0.000000000000000000000000000000e+00 8.488805186071668451575078506721e-02
	0.000000000000000000000000000000e+00 8.488805186071646247114586003590e-02 9.151119481392835375288541399641e-01
	0.000000000000000000000000000000e+00 2.655756032646428010934869234916e-01 7.344243967353571989065130765084e-01
	0.000000000000000000000000000000e+00 5.000000000000001110223024625157e-01 4.999999999999998889776975374843e-01
	0.000000000000000000000000000000e+00 7.344243967353571989065130765084e-01 2.655756032646428010934869234916e-01
	0.000000000000000000000000000000e+00 9.151119481392833154842492149328e-01 8.488805186071668451575078506721e-02
	])

elseif order == 7
	return T.([
	2.741584394628903131874153586978e-01 2.741584394628903131874153586978e-01 4.516831210742193736251692826045e-01
	8.791461398121544479344890987704e-02 8.791461398121544479344890987704e-02 8.241707720375690549019509489881e-01
	2.741584394628903131874153586978e-01 4.516831210742193736251692826045e-01 2.741584394628903131874153586978e-01
	8.791461398121544479344890987704e-02 8.241707720375690549019509489881e-01 8.791461398121544479344890987704e-02
	4.516831210742193736251692826045e-01 2.741584394628903131874153586978e-01 2.741584394628903131874153586978e-01
	8.241707720375690549019509489881e-01 8.791461398121544479344890987704e-02 8.791461398121544479344890987704e-02
	4.500074460521015229375052513205e-01 4.500074460521015229375052513205e-01 9.998510789579695412498949735891e-02
	4.500074460521015229375052513205e-01 9.998510789579695412498949735891e-02 4.500074460521015229375052513205e-01
	9.998510789579695412498949735891e-02 4.500074460521015229375052513205e-01 4.500074460521015229375052513205e-01
	2.574575396908898028414114378393e-01 6.389182038566255661393711307028e-01 1.036242564524846310192174314579e-01
	2.574575396908898028414114378393e-01 1.036242564524846310192174314579e-01 6.389182038566255661393711307028e-01
	6.389182038566255661393711307028e-01 2.574575396908898028414114378393e-01 1.036242564524846310192174314579e-01
	6.389182038566255661393711307028e-01 1.036242564524846310192174314579e-01 2.574575396908898028414114378393e-01
	1.036242564524846310192174314579e-01 2.574575396908898028414114378393e-01 6.389182038566255661393711307028e-01
	1.036242564524846310192174314579e-01 6.389182038566255661393711307028e-01 2.574575396908898028414114378393e-01
	1.000000000000000000000000000000e+00 0.000000000000000000000000000000e+00 0.000000000000000000000000000000e+00
	0.000000000000000000000000000000e+00 1.000000000000000000000000000000e+00 0.000000000000000000000000000000e+00
	0.000000000000000000000000000000e+00 0.000000000000000000000000000000e+00 1.000000000000000000000000000000e+00
	6.412992574519671418187272138312e-02 9.358700742548032858181272786169e-01 0.000000000000000000000000000000e+00
	2.041499092834289652564905281906e-01 7.958500907165710902546607030672e-01 0.000000000000000000000000000000e+00
	3.953503910487606298751472877484e-01 6.046496089512394256360039435094e-01 0.000000000000000000000000000000e+00
	6.046496089512393146137014809938e-01 3.953503910487606853862985190062e-01 0.000000000000000000000000000000e+00
	7.958500907165713122992656280985e-01 2.041499092834286877007343719015e-01 0.000000000000000000000000000000e+00
	9.358700742548031747958248161012e-01 6.412992574519682520417518389877e-02 0.000000000000000000000000000000e+00
	6.412992574519671418187272138312e-02 0.000000000000000000000000000000e+00 9.358700742548032858181272786169e-01
	2.041499092834289652564905281906e-01 0.000000000000000000000000000000e+00 7.958500907165710902546607030672e-01
	3.953503910487606298751472877484e-01 0.000000000000000000000000000000e+00 6.046496089512394256360039435094e-01
	6.046496089512393146137014809938e-01 0.000000000000000000000000000000e+00 3.953503910487606853862985190062e-01
	7.958500907165713122992656280985e-01 0.000000000000000000000000000000e+00 2.041499092834286877007343719015e-01
	9.358700742548031747958248161012e-01 0.000000000000000000000000000000e+00 6.412992574519682520417518389877e-02
	0.000000000000000000000000000000e+00 6.412992574519671418187272138312e-02 9.358700742548032858181272786169e-01
	0.000000000000000000000000000000e+00 2.041499092834289652564905281906e-01 7.958500907165710902546607030672e-01
	0.000000000000000000000000000000e+00 3.953503910487606298751472877484e-01 6.046496089512394256360039435094e-01
	0.000000000000000000000000000000e+00 6.046496089512393146137014809938e-01 3.953503910487606853862985190062e-01
	0.000000000000000000000000000000e+00 7.958500907165713122992656280985e-01 2.041499092834286877007343719015e-01
	0.000000000000000000000000000000e+00 9.358700742548031747958248161012e-01 6.412992574519682520417518389877e-02
	])

elseif order == 8
	return T.([
	2.238114422946618775611682394810e-01 2.238114422946618775611682394810e-01 5.523771154106762448776635210379e-01
	3.879143834569392934596976374451e-01 3.879143834569392934596976374451e-01 2.241712330861213020583022625942e-01
	6.749944697564996820560168089287e-02 6.749944697564996820560168089287e-02 8.650011060487001746110991007299e-01
	2.238114422946618775611682394810e-01 5.523771154106762448776635210379e-01 2.238114422946618775611682394810e-01
	3.879143834569392934596976374451e-01 2.241712330861213020583022625942e-01 3.879143834569392934596976374451e-01
	6.749944697564996820560168089287e-02 8.650011060487001746110991007299e-01 6.749944697564996820560168089287e-02
	5.523771154106762448776635210379e-01 2.238114422946618775611682394810e-01 2.238114422946618775611682394810e-01
	2.241712330861213020583022625942e-01 3.879143834569392934596976374451e-01 3.879143834569392934596976374451e-01
	8.650011060487001746110991007299e-01 6.749944697564996820560168089287e-02 6.749944697564996820560168089287e-02
	2.106241399947925418967287214400e-01 7.064768674963645134212697485054e-01 8.289899250884291692642591442564e-02
	3.702480264146488231347120745340e-01 5.482896391715870176852831718861e-01 8.146233441376415918000475357985e-02
	2.106241399947925418967287214400e-01 8.289899250884291692642591442564e-02 7.064768674963645134212697485054e-01
	3.702480264146488231347120745340e-01 8.146233441376415918000475357985e-02 5.482896391715870176852831718861e-01
	7.064768674963645134212697485054e-01 2.106241399947925418967287214400e-01 8.289899250884291692642591442564e-02
	5.482896391715870176852831718861e-01 3.702480264146488231347120745340e-01 8.146233441376415918000475357985e-02
	7.064768674963645134212697485054e-01 8.289899250884291692642591442564e-02 2.106241399947925418967287214400e-01
	5.482896391715870176852831718861e-01 8.146233441376415918000475357985e-02 3.702480264146488231347120745340e-01
	8.289899250884291692642591442564e-02 2.106241399947925418967287214400e-01 7.064768674963645134212697485054e-01
	8.146233441376415918000475357985e-02 3.702480264146488231347120745340e-01 5.482896391715870176852831718861e-01
	8.289899250884291692642591442564e-02 7.064768674963645134212697485054e-01 2.106241399947925418967287214400e-01
	8.146233441376415918000475357985e-02 5.482896391715870176852831718861e-01 3.702480264146488231347120745340e-01
	1.000000000000000000000000000000e+00 0.000000000000000000000000000000e+00 0.000000000000000000000000000000e+00
	0.000000000000000000000000000000e+00 1.000000000000000000000000000000e+00 0.000000000000000000000000000000e+00
	0.000000000000000000000000000000e+00 0.000000000000000000000000000000e+00 1.000000000000000000000000000000e+00
	5.012100229426996733650412352290e-02 9.498789977057300326634958764771e-01 0.000000000000000000000000000000e+00
	1.614068602446310785047955960181e-01 8.385931397553689770063556352397e-01 0.000000000000000000000000000000e+00
	3.184412680869108669412526069209e-01 6.815587319130891330587473930791e-01 0.000000000000000000000000000000e+00
	5.000000000000001110223024625157e-01 4.999999999999998889776975374843e-01 0.000000000000000000000000000000e+00
	6.815587319130891330587473930791e-01 3.184412680869108669412526069209e-01 0.000000000000000000000000000000e+00
	8.385931397553689770063556352397e-01 1.614068602446310229936443647603e-01 0.000000000000000000000000000000e+00
	9.498789977057298106188909514458e-01 5.012100229427018938110904855421e-02 0.000000000000000000000000000000e+00
	5.012100229426996733650412352290e-02 0.000000000000000000000000000000e+00 9.498789977057300326634958764771e-01
	1.614068602446310785047955960181e-01 0.000000000000000000000000000000e+00 8.385931397553689770063556352397e-01
	3.184412680869108669412526069209e-01 0.000000000000000000000000000000e+00 6.815587319130891330587473930791e-01
	5.000000000000001110223024625157e-01 0.000000000000000000000000000000e+00 4.999999999999998889776975374843e-01
	6.815587319130891330587473930791e-01 0.000000000000000000000000000000e+00 3.184412680869108669412526069209e-01
	8.385931397553689770063556352397e-01 0.000000000000000000000000000000e+00 1.614068602446310229936443647603e-01
	9.498789977057298106188909514458e-01 0.000000000000000000000000000000e+00 5.012100229427018938110904855421e-02
	0.000000000000000000000000000000e+00 5.012100229426996733650412352290e-02 9.498789977057300326634958764771e-01
	0.000000000000000000000000000000e+00 1.614068602446310785047955960181e-01 8.385931397553689770063556352397e-01
	0.000000000000000000000000000000e+00 3.184412680869108669412526069209e-01 6.815587319130891330587473930791e-01
	0.000000000000000000000000000000e+00 5.000000000000001110223024625157e-01 4.999999999999998889776975374843e-01
	0.000000000000000000000000000000e+00 6.815587319130891330587473930791e-01 3.184412680869108669412526069209e-01
	0.000000000000000000000000000000e+00 8.385931397553689770063556352397e-01 1.614068602446310229936443647603e-01
	0.000000000000000000000000000000e+00 9.498789977057298106188909514458e-01 5.012100229427018938110904855421e-02
	])

elseif order == 9
	return T.([
	3.333333333333333148296162562474e-01 3.333333333333333148296162562474e-01 3.333333333333333148296162562474e-01
	5.208382829746331654785507225824e-02 5.208382829746331654785507225824e-02 8.958323434050733391487142398546e-01
	1.835842328020949321132349041363e-01 1.835842328020949321132349041363e-01 6.328315343958100802623789604695e-01
	5.208382829746331654785507225824e-02 8.958323434050733391487142398546e-01 5.208382829746331654785507225824e-02
	1.835842328020949321132349041363e-01 6.328315343958100802623789604695e-01 1.835842328020949321132349041363e-01
	8.958323434050733391487142398546e-01 5.208382829746331654785507225824e-02 5.208382829746331654785507225824e-02
	6.328315343958100802623789604695e-01 1.835842328020949321132349041363e-01 1.835842328020949321132349041363e-01
	4.677778353675260958333126382058e-01 4.677778353675260958333126382058e-01 6.444432926494780833337472358835e-02
	4.677778353675260958333126382058e-01 6.444432926494780833337472358835e-02 4.677778353675260958333126382058e-01
	6.444432926494780833337472358835e-02 4.677778353675260958333126382058e-01 4.677778353675260958333126382058e-01
	3.335906038202737233788752746477e-01 4.796482965082551341851058168686e-01 1.867610996714711424360189084837e-01
	1.723053623095807118659195111832e-01 7.617793422357387322918498284707e-01 6.591529545468055584223066034610e-02
	3.093824727565271937024249382375e-01 6.225829731720886606183285039151e-01 6.803455407138414567924655784736e-02
	3.335906038202737233788752746477e-01 1.867610996714711424360189084837e-01 4.796482965082551341851058168686e-01
	1.723053623095807118659195111832e-01 6.591529545468055584223066034610e-02 7.617793422357387322918498284707e-01
	3.093824727565271937024249382375e-01 6.803455407138414567924655784736e-02 6.225829731720886606183285039151e-01
	4.796482965082551341851058168686e-01 3.335906038202737233788752746477e-01 1.867610996714711424360189084837e-01
	7.617793422357387322918498284707e-01 1.723053623095807118659195111832e-01 6.591529545468055584223066034610e-02
	6.225829731720886606183285039151e-01 3.093824727565271937024249382375e-01 6.803455407138414567924655784736e-02
	4.796482965082551341851058168686e-01 1.867610996714711424360189084837e-01 3.335906038202737233788752746477e-01
	7.617793422357387322918498284707e-01 6.591529545468055584223066034610e-02 1.723053623095807118659195111832e-01
	6.225829731720886606183285039151e-01 6.803455407138414567924655784736e-02 3.093824727565271937024249382375e-01
	1.867610996714711424360189084837e-01 3.335906038202737233788752746477e-01 4.796482965082551341851058168686e-01
	6.591529545468055584223066034610e-02 1.723053623095807118659195111832e-01 7.617793422357387322918498284707e-01
	6.803455407138414567924655784736e-02 3.093824727565271937024249382375e-01 6.225829731720886606183285039151e-01
	1.867610996714711424360189084837e-01 4.796482965082551341851058168686e-01 3.335906038202737233788752746477e-01
	6.591529545468055584223066034610e-02 7.617793422357387322918498284707e-01 1.723053623095807118659195111832e-01
	6.803455407138414567924655784736e-02 6.225829731720886606183285039151e-01 3.093824727565271937024249382375e-01
	1.000000000000000000000000000000e+00 0.000000000000000000000000000000e+00 0.000000000000000000000000000000e+00
	0.000000000000000000000000000000e+00 1.000000000000000000000000000000e+00 0.000000000000000000000000000000e+00
	0.000000000000000000000000000000e+00 0.000000000000000000000000000000e+00 1.000000000000000000000000000000e+00
	4.023304591677051567089051786752e-02 9.597669540832294288179582508747e-01 0.000000000000000000000000000000e+00
	1.306130674472475994285503020365e-01 8.693869325527523450602984667057e-01 0.000000000000000000000000000000e+00
	2.610375250947778447141445212765e-01 7.389624749052221552858554787235e-01 0.000000000000000000000000000000e+00
	4.173605211668064973729030953109e-01 5.826394788331934471159456734313e-01 0.000000000000000000000000000000e+00
	5.826394788331933360936432109156e-01 4.173605211668066639063567890844e-01 0.000000000000000000000000000000e+00
	7.389624749052223773304604037548e-01 2.610375250947776226695395962452e-01 0.000000000000000000000000000000e+00
	8.693869325527523450602984667057e-01 1.306130674472476549397015332943e-01 0.000000000000000000000000000000e+00
	9.597669540832292067733533258433e-01 4.023304591677079322664667415665e-02 0.000000000000000000000000000000e+00
	4.023304591677051567089051786752e-02 0.000000000000000000000000000000e+00 9.597669540832294288179582508747e-01
	1.306130674472475994285503020365e-01 0.000000000000000000000000000000e+00 8.693869325527523450602984667057e-01
	2.610375250947778447141445212765e-01 0.000000000000000000000000000000e+00 7.389624749052221552858554787235e-01
	4.173605211668064973729030953109e-01 0.000000000000000000000000000000e+00 5.826394788331934471159456734313e-01
	5.826394788331933360936432109156e-01 0.000000000000000000000000000000e+00 4.173605211668066639063567890844e-01
	7.389624749052223773304604037548e-01 0.000000000000000000000000000000e+00 2.610375250947776226695395962452e-01
	8.693869325527523450602984667057e-01 0.000000000000000000000000000000e+00 1.306130674472476549397015332943e-01
	9.597669540832292067733533258433e-01 0.000000000000000000000000000000e+00 4.023304591677079322664667415665e-02
	0.000000000000000000000000000000e+00 4.023304591677051567089051786752e-02 9.597669540832294288179582508747e-01
	0.000000000000000000000000000000e+00 1.306130674472475994285503020365e-01 8.693869325527523450602984667057e-01
	0.000000000000000000000000000000e+00 2.610375250947778447141445212765e-01 7.389624749052221552858554787235e-01
	0.000000000000000000000000000000e+00 4.173605211668064973729030953109e-01 5.826394788331934471159456734313e-01
	0.000000000000000000000000000000e+00 5.826394788331933360936432109156e-01 4.173605211668066639063567890844e-01
	0.000000000000000000000000000000e+00 7.389624749052223773304604037548e-01 2.610375250947776226695395962452e-01
	0.000000000000000000000000000000e+00 8.693869325527523450602984667057e-01 1.306130674472476549397015332943e-01
	0.000000000000000000000000000000e+00 9.597669540832292067733533258433e-01 4.023304591677079322664667415665e-02
	])

elseif order == 10
	return T.([
	1.312733767493933778602865913854e-01 1.312733767493933778602865913854e-01 7.374532465012133553017292797449e-01
	5.386953019930516839419709640424e-02 5.386953019930516839419709640424e-02 8.922609396013896354560301915626e-01
	2.252378431088206955923425311994e-01 2.252378431088206955923425311994e-01 5.495243137823585533041637063434e-01
	1.312733767493933778602865913854e-01 7.374532465012133553017292797449e-01 1.312733767493933778602865913854e-01
	5.386953019930516839419709640424e-02 8.922609396013896354560301915626e-01 5.386953019930516839419709640424e-02
	2.252378431088206955923425311994e-01 5.495243137823585533041637063434e-01 2.252378431088206955923425311994e-01
	7.374532465012133553017292797449e-01 1.312733767493933778602865913854e-01 1.312733767493933778602865913854e-01
	8.922609396013896354560301915626e-01 5.386953019930516839419709640424e-02 5.386953019930516839419709640424e-02
	5.495243137823585533041637063434e-01 2.252378431088206955923425311994e-01 2.252378431088206955923425311994e-01
	3.824877939073025312488596227922e-01 3.824877939073025312488596227922e-01 2.350244121853949375022807544156e-01
	3.824877939073025312488596227922e-01 2.350244121853949375022807544156e-01 3.824877939073025312488596227922e-01
	2.350244121853949375022807544156e-01 3.824877939073025312488596227922e-01 3.824877939073025312488596227922e-01
	2.622175009707391479807370160415e-01 6.564279951505325172433913394343e-01 8.135450387872833477587164452416e-02
	3.776961071421849336360310189775e-01 5.223502436193665499075677871588e-01 9.995364923844851645640119386371e-02
	1.820746613840211192147933161323e-01 7.792454007990795572524689305283e-01 3.867993781689926802158652208163e-02
	3.779628077066509161952012618713e-01 5.892534012902733708827440750611e-01 3.278379100307571292205466306768e-02
	2.622175009707391479807370160415e-01 8.135450387872833477587164452416e-02 6.564279951505325172433913394343e-01
	3.776961071421849336360310189775e-01 9.995364923844851645640119386371e-02 5.223502436193665499075677871588e-01
	1.820746613840211192147933161323e-01 3.867993781689926802158652208163e-02 7.792454007990795572524689305283e-01
	3.779628077066509161952012618713e-01 3.278379100307571292205466306768e-02 5.892534012902733708827440750611e-01
	6.564279951505325172433913394343e-01 2.622175009707391479807370160415e-01 8.135450387872833477587164452416e-02
	5.223502436193665499075677871588e-01 3.776961071421849336360310189775e-01 9.995364923844851645640119386371e-02
	7.792454007990795572524689305283e-01 1.820746613840211192147933161323e-01 3.867993781689926802158652208163e-02
	5.892534012902733708827440750611e-01 3.779628077066509161952012618713e-01 3.278379100307571292205466306768e-02
	6.564279951505325172433913394343e-01 8.135450387872833477587164452416e-02 2.622175009707391479807370160415e-01
	5.223502436193665499075677871588e-01 9.995364923844851645640119386371e-02 3.776961071421849336360310189775e-01
	7.792454007990795572524689305283e-01 3.867993781689926802158652208163e-02 1.820746613840211192147933161323e-01
	5.892534012902733708827440750611e-01 3.278379100307571292205466306768e-02 3.779628077066509161952012618713e-01
	8.135450387872833477587164452416e-02 2.622175009707391479807370160415e-01 6.564279951505325172433913394343e-01
	9.995364923844851645640119386371e-02 3.776961071421849336360310189775e-01 5.223502436193665499075677871588e-01
	3.867993781689926802158652208163e-02 1.820746613840211192147933161323e-01 7.792454007990795572524689305283e-01
	3.278379100307571292205466306768e-02 3.779628077066509161952012618713e-01 5.892534012902733708827440750611e-01
	8.135450387872833477587164452416e-02 6.564279951505325172433913394343e-01 2.622175009707391479807370160415e-01
	9.995364923844851645640119386371e-02 5.223502436193665499075677871588e-01 3.776961071421849336360310189775e-01
	3.867993781689926802158652208163e-02 7.792454007990795572524689305283e-01 1.820746613840211192147933161323e-01
	3.278379100307571292205466306768e-02 5.892534012902733708827440750611e-01 3.779628077066509161952012618713e-01
	1.000000000000000000000000000000e+00 0.000000000000000000000000000000e+00 0.000000000000000000000000000000e+00
	0.000000000000000000000000000000e+00 1.000000000000000000000000000000e+00 0.000000000000000000000000000000e+00
	0.000000000000000000000000000000e+00 0.000000000000000000000000000000e+00 1.000000000000000000000000000000e+00
	3.299928479597025177127989081782e-02 9.670007152040297482287201091822e-01 0.000000000000000000000000000000e+00
	1.077582631684279035333418050868e-01 8.922417368315720409555069636554e-01 0.000000000000000000000000000000e+00
	2.173823365018974773654747423279e-01 7.826176634981025781456764889299e-01 0.000000000000000000000000000000e+00
	3.521209322065304014870434912154e-01 6.478790677934695985129565087846e-01 0.000000000000000000000000000000e+00
	5.000000000000000000000000000000e-01 5.000000000000000000000000000000e-01 0.000000000000000000000000000000e+00
	6.478790677934695985129565087846e-01 3.521209322065304014870434912154e-01 0.000000000000000000000000000000e+00
	7.826176634981024671233740264142e-01 2.173823365018975328766259735858e-01 0.000000000000000000000000000000e+00
	8.922417368315722630001118886867e-01 1.077582631684277369998881113133e-01 0.000000000000000000000000000000e+00
	9.670007152040296372064176466665e-01 3.299928479597036279358235333348e-02 0.000000000000000000000000000000e+00
	3.299928479597025177127989081782e-02 0.000000000000000000000000000000e+00 9.670007152040297482287201091822e-01
	1.077582631684279035333418050868e-01 0.000000000000000000000000000000e+00 8.922417368315720409555069636554e-01
	2.173823365018974773654747423279e-01 0.000000000000000000000000000000e+00 7.826176634981025781456764889299e-01
	3.521209322065304014870434912154e-01 0.000000000000000000000000000000e+00 6.478790677934695985129565087846e-01
	5.000000000000000000000000000000e-01 0.000000000000000000000000000000e+00 5.000000000000000000000000000000e-01
	6.478790677934695985129565087846e-01 0.000000000000000000000000000000e+00 3.521209322065304014870434912154e-01
	7.826176634981024671233740264142e-01 0.000000000000000000000000000000e+00 2.173823365018975328766259735858e-01
	8.922417368315722630001118886867e-01 0.000000000000000000000000000000e+00 1.077582631684277369998881113133e-01
	9.670007152040296372064176466665e-01 0.000000000000000000000000000000e+00 3.299928479597036279358235333348e-02
	0.000000000000000000000000000000e+00 3.299928479597025177127989081782e-02 9.670007152040297482287201091822e-01
	0.000000000000000000000000000000e+00 1.077582631684279035333418050868e-01 8.922417368315720409555069636554e-01
	0.000000000000000000000000000000e+00 2.173823365018974773654747423279e-01 7.826176634981025781456764889299e-01
	0.000000000000000000000000000000e+00 3.521209322065304014870434912154e-01 6.478790677934695985129565087846e-01
	0.000000000000000000000000000000e+00 5.000000000000000000000000000000e-01 5.000000000000000000000000000000e-01
	0.000000000000000000000000000000e+00 6.478790677934695985129565087846e-01 3.521209322065304014870434912154e-01
	0.000000000000000000000000000000e+00 7.826176634981024671233740264142e-01 2.173823365018975328766259735858e-01
	0.000000000000000000000000000000e+00 8.922417368315722630001118886867e-01 1.077582631684277369998881113133e-01
	0.000000000000000000000000000000e+00 9.670007152040296372064176466665e-01 3.299928479597036279358235333348e-02
	])

elseif order == 11
	return T.([
	1.050821229581930388308208534909e-01 1.050821229581930388308208534909e-01 7.898357540836139500939339086472e-01
	4.295650634280591406710669843960e-02 4.295650634280591406710669843960e-02 9.140869873143881996213622187497e-01
	2.195219638878813106508403052430e-01 2.195219638878813106508403052430e-01 5.609560722242372676760169269983e-01
	1.050821229581930388308208534909e-01 7.898357540836139500939339086472e-01 1.050821229581930388308208534909e-01
	4.295650634280591406710669843960e-02 9.140869873143881996213622187497e-01 4.295650634280591406710669843960e-02
	2.195219638878813106508403052430e-01 5.609560722242372676760169269983e-01 2.195219638878813106508403052430e-01
	7.898357540836139500939339086472e-01 1.050821229581930388308208534909e-01 1.050821229581930388308208534909e-01
	9.140869873143881996213622187497e-01 4.295650634280591406710669843960e-02 4.295650634280591406710669843960e-02
	5.609560722242372676760169269983e-01 2.195219638878813106508403052430e-01 2.195219638878813106508403052430e-01
	4.807601837574821401766200779093e-01 4.807601837574821401766200779093e-01 3.847963248503571964675984418136e-02
	4.286809903071824301434844528558e-01 4.286809903071824301434844528558e-01 1.426380193856351397130310942885e-01
	4.807601837574821401766200779093e-01 3.847963248503571964675984418136e-02 4.807601837574821401766200779093e-01
	4.286809903071824301434844528558e-01 1.426380193856351397130310942885e-01 4.286809903071824301434844528558e-01
	3.847963248503571964675984418136e-02 4.807601837574821401766200779093e-01 4.807601837574821401766200779093e-01
	1.426380193856351397130310942885e-01 4.286809903071824301434844528558e-01 4.286809903071824301434844528558e-01
	1.994095640340481923047377676994e-01 7.069562305387490086516777409997e-01 9.363420542720279904358449130086e-02
	1.474224961654246879305674156058e-01 8.177875722890196596992495869927e-01 3.478993154555565237018299740157e-02
	3.075960627730014995684371115203e-01 6.626688579526240907568990223808e-01 2.973507927437446518581509735668e-02
	3.278085121320318262583271007315e-01 4.251975363710968069952400583134e-01 2.469939514968714222575840722129e-01
	3.205222948140067362743366174982e-01 5.840805307965026837990762942354e-01 9.539717438949057992658708826639e-02
	1.994095640340481923047377676994e-01 9.363420542720279904358449130086e-02 7.069562305387490086516777409997e-01
	1.474224961654246879305674156058e-01 3.478993154555565237018299740157e-02 8.177875722890196596992495869927e-01
	3.075960627730014995684371115203e-01 2.973507927437446518581509735668e-02 6.626688579526240907568990223808e-01
	3.278085121320318262583271007315e-01 2.469939514968714222575840722129e-01 4.251975363710968069952400583134e-01
	3.205222948140067362743366174982e-01 9.539717438949057992658708826639e-02 5.840805307965026837990762942354e-01
	7.069562305387490086516777409997e-01 1.994095640340481923047377676994e-01 9.363420542720279904358449130086e-02
	8.177875722890196596992495869927e-01 1.474224961654246879305674156058e-01 3.478993154555565237018299740157e-02
	6.626688579526240907568990223808e-01 3.075960627730014995684371115203e-01 2.973507927437446518581509735668e-02
	4.251975363710968069952400583134e-01 3.278085121320318262583271007315e-01 2.469939514968714222575840722129e-01
	5.840805307965026837990762942354e-01 3.205222948140067362743366174982e-01 9.539717438949057992658708826639e-02
	7.069562305387490086516777409997e-01 9.363420542720279904358449130086e-02 1.994095640340481923047377676994e-01
	8.177875722890196596992495869927e-01 3.478993154555565237018299740157e-02 1.474224961654246879305674156058e-01
	6.626688579526240907568990223808e-01 2.973507927437446518581509735668e-02 3.075960627730014995684371115203e-01
	4.251975363710968069952400583134e-01 2.469939514968714222575840722129e-01 3.278085121320318262583271007315e-01
	5.840805307965026837990762942354e-01 9.539717438949057992658708826639e-02 3.205222948140067362743366174982e-01
	9.363420542720279904358449130086e-02 1.994095640340481923047377676994e-01 7.069562305387490086516777409997e-01
	3.478993154555565237018299740157e-02 1.474224961654246879305674156058e-01 8.177875722890196596992495869927e-01
	2.973507927437446518581509735668e-02 3.075960627730014995684371115203e-01 6.626688579526240907568990223808e-01
	2.469939514968714222575840722129e-01 3.278085121320318262583271007315e-01 4.251975363710968069952400583134e-01
	9.539717438949057992658708826639e-02 3.205222948140067362743366174982e-01 5.840805307965026837990762942354e-01
	9.363420542720279904358449130086e-02 7.069562305387490086516777409997e-01 1.994095640340481923047377676994e-01
	3.478993154555565237018299740157e-02 8.177875722890196596992495869927e-01 1.474224961654246879305674156058e-01
	2.973507927437446518581509735668e-02 6.626688579526240907568990223808e-01 3.075960627730014995684371115203e-01
	2.469939514968714222575840722129e-01 4.251975363710968069952400583134e-01 3.278085121320318262583271007315e-01
	9.539717438949057992658708826639e-02 5.840805307965026837990762942354e-01 3.205222948140067362743366174982e-01
	1.000000000000000000000000000000e+00 0.000000000000000000000000000000e+00 0.000000000000000000000000000000e+00
	0.000000000000000000000000000000e+00 1.000000000000000000000000000000e+00 0.000000000000000000000000000000e+00
	0.000000000000000000000000000000e+00 0.000000000000000000000000000000e+00 1.000000000000000000000000000000e+00
	2.755036388855880424841870990349e-02 9.724496361114411957515812900965e-01 0.000000000000000000000000000000e+00
	9.036033917799679571203341765795e-02 9.096396608220032042879665823421e-01 0.000000000000000000000000000000e+00
	1.835619234840696889499156441161e-01 8.164380765159302555389331246261e-01 0.000000000000000000000000000000e+00
	3.002345295173255435017267700459e-01 6.997654704826744564982732299541e-01 0.000000000000000000000000000000e+00
	4.317235335725362888048550757958e-01 5.682764664274637667062961554620e-01 0.000000000000000000000000000000e+00
	5.682764664274635446616912304307e-01 4.317235335725364553383087695693e-01 0.000000000000000000000000000000e+00
	6.997654704826742344536683049228e-01 3.002345295173257655463316950772e-01 0.000000000000000000000000000000e+00
	8.164380765159302555389331246261e-01 1.835619234840697444610668753739e-01 0.000000000000000000000000000000e+00
	9.096396608220034263325715073734e-01 9.036033917799657366742849262664e-02 0.000000000000000000000000000000e+00
	9.724496361114410847292788275809e-01 2.755036388855891527072117241914e-02 0.000000000000000000000000000000e+00
	2.755036388855880424841870990349e-02 0.000000000000000000000000000000e+00 9.724496361114411957515812900965e-01
	9.036033917799679571203341765795e-02 0.000000000000000000000000000000e+00 9.096396608220032042879665823421e-01
	1.835619234840696889499156441161e-01 0.000000000000000000000000000000e+00 8.164380765159302555389331246261e-01
	3.002345295173255435017267700459e-01 0.000000000000000000000000000000e+00 6.997654704826744564982732299541e-01
	4.317235335725362888048550757958e-01 0.000000000000000000000000000000e+00 5.682764664274637667062961554620e-01
	5.682764664274635446616912304307e-01 0.000000000000000000000000000000e+00 4.317235335725364553383087695693e-01
	6.997654704826742344536683049228e-01 0.000000000000000000000000000000e+00 3.002345295173257655463316950772e-01
